100 100
20 35
175 60
120 120
160 45
144 144
1396 1407
1027 794
1800 398
581 1541
1044 1558
1119 1347
229 1053
1087 741
1275 1301
438 1505
1632 267
272 1731
1444 1717
1226 1662
1800 669
656 1454
1246 1212
1353 1247
833 1138
556 818
509 800
684 1255
1151 1637
993 1771
1141 282
1404 1560
239 1083
813 1340
475 286
645 972
319 832
429 784
1359 1153
1177 450
1487 1047
696 1075
458 1467
825 476
791 1639
1410 1604
1315 1292
1260 1466
943 431
780 1568
1719 1390
1262 1679
1703 334
687 512
1014 623
1610 523
1286 1138
1699 1470
1727 1011
1143 1500
1717 1562
1293 1693
1551 1056
1687 1798
1545 1728
1428 1752
735 1234
1789 1380
1775 1279
1566 428
1694 512
1320 1660
510 394
1173 1702
1058 1125
1287 1789
1644 957
590 1157
1582 228
1752 1100
1609 356
1579 1745
824 1650
1773 327
1098 556
232 1388
1556 1342
523 1161
802 1799
1426 1468
1073 983
812 1016
1498 1068
1217 1265
582 1555
1162 1350
1109 1235
748 1411
1312 1763
1698 1252
1050 1640

